10005
10011
10020
10027
10092
10120
10126
10140
10182
10189
10209
10213
10214
10228
10235
10240
10251
10255
10337
10338
10344
10357
10359
10369
10375
10382
10387
10403
10406
10410
10426
10446
10454
10457
10467
10481
10500
10503
10513
10546
10569
10583
10593
10628
10642
10653
10655
10666
10667
10682
10710
10723
10749
10753
10768
10773
10777
10779
10823
10837
10855
10893
10907
10917
10973
10977
10981
10983
10998
11006
11011
11023
11059
11096
11105
11110
11118
11129
11142
11145
11170
11194
11206
11207
11227
11249
11259
11262
11264
11270
11273
11290
11295
11309
11310
11327
11328
11338
11341
11347
11351
11360
11375
11382
11404
11423
11424
11431
11453
11462
11483
11508
11509
11514
11522
11533
11535
11557
11573
11598
11611
11620
11624
11644
11670
11696
11698
11729
11742
11751
11757
11770
11774
11804
11807
11838
11861
11862
11864
11872
11930
11948
11950
11966
11979
11988
11990
11991
12008
12023
12048
12094
12112
12113
12115
12126
12178
12181
12188
12189
12204
12213
12218
12242
12272
12293
12295
12297
12322
12327
12334
12339
12345
12356
12371
12385
12390
12399
12404
12414
12419
12434
12444
12456
12461
12477
12484
12531
12544
12571
12595
12600
12604
12616
12627
12632
12683
12721
12763
12786
12797
12803
12809
12828
12832
12845
12851
12887
12959
13009
13013
13027
13067
13073
13100
13102
13122
13125
13159
13196
13197
13213
13223
13234
13255
13263
13265
13298
13304
13315
13322
13337
13347
13409
13412
13414
13435
13452
13458
13467
13509
13525
13528
13545
13566
13574
13628
13644
13646
13665
13686
13695
13715
13748
13766
13776
13815
13850
13867
13872
13873
13882
13884
13918
13919
13986
13998
14005
14029
14037
14050
14078
14089
14116
14119
14140
14197
14217
14221
14227
14243
14249
14264
14316
14340
14368
14380
14471
14478
14480
14500
14503
14504
14535
14570
14579
14583
14597
14599
14617
14619
14626
14642
14655
14677
14691
14697
14728
14732
14779
14782
14803
14811
14814
14828
14853
14864
14869
14880
14896
14920
14967
14969
14987
15015
15031
15032
15070
15091
15095
15104
15121
15123
15136
15139
15141
15148
15152
15157
15183
15218
15224
15225
15236
15239
15271
15290
15317
15320
15326
15336
15338
15351
15405
15427
15429
15440
15441
15444
15446
15477
15478
15501
15509
15512
15514
15525
15532
15543
15544
15570
15586
15587
15590
15595
15613
15617
15635
15642
15652
15660
15673
15688
15712
15720
15754
15761
15771
15792
15793
15808
15817
15823
15828
15833
15835
15855
15871
15886
15890
15963
15966
15969
16029
16046
16071
16082
16094
16115
16142
16144
16150
16157
16174
16183
16188
16199
16205
16214
16236
16246
16249
16275
16277
16287
16317
16344
16356
16395
16404
16414
16417
16421
16441
16451
16460
16541
16543
16548
16571
16572
16582
16590
16610
16626
16661
16671
16674
16678
16696
16739
16745
16773
16778
16785
16798
16801
16855
16872
16898
16917
16931
16933
16952
16960
16976
17028
17042
17054
17072
17081
17099
17116
17122
17126
17134
17135
17153
17168
17176
17205
17221
17235
17241
17245
17248
17249
17268
17270
17291
17305
17314
17320
17322
17326
17330
17335
17358
17404
17420
17436
17441
17470
17471
17484
17496
17539
17541
17556
17578
17586
17608
17619
17622
17633
17640
17708
17739
17769
17788
17791
17797
17868
17870
17914
17929
17952
17953
17960
17992
17999
18002
18004
18013
18026
18048
18049
18067
18072
18075
18116
18138
18152
18155
18166
18175
18202
18211
18214
18252
18332
18339
18344
18351
18380
18392
18394
18415
18419
18440
18451
18458
18474
18493
18501
18526
18530
18536
18540
18548
18564
18565
18584
18589
18610
18625
18627
18634
18646
18723
18764
18805
18848
18867
18902
18913
18919
18920
18930
18946
18955
18958
18995
19006
19010
19023
19029
19034
19036
19044
19060
19088
19089
19123
19184
19191
19194
19200
19217
19228
19231
19236
19271
19272
19291
19317
19333
19335
19336
19340
19356
19374
19401
19445
19446
19462
19471
19482
19494
19508
19551
19598
19625
19642
19666
19693
19717
19743
19760
19784
19796
19813
19837
19838
19845
19847
19862
19877
19882
19885
19899
19918
19919
19934
19940
19951
19989
20077
20143
20146
20154
20155
20159
20190
20199
20202
20208
20210
20212
20216
20255
20314
20332
20357
20361
20371
20388
20414
20415
20430
20451
20465
20479
20483
20492
20512
20529
20532
20582
20587
20600
20631
20651
20657
20660
20676
20680
20708
20713
20720
20724
20825
20850
20856
20870
20878
20894
20915
20919
20923
20927
20931
20933
20945
20967
20982
20986
21012
21021
21023
21026
21042
21046
21069
21074
21077
21083
21100
21107
21116
21140
21175
21178
21238
21242
21245
21260
21276
21313
21360
21375
21379
21400
21403
21417
21433
21435
21459
21463
21478
21502
21521
21522
21528
21552
21554
21558
21559
21584
21591
21592
21594
21609
21615
21631
21640
21653
21660
21667
21672
21681
21696
21713
21728
21744
21759
21770
21774
21776
21784
21805
21826
21844
21849
21857
21866
21888
21890
21895
21898
21925
21946
21956
21961
21997
21998
22052
22086
22107
22143
22159
22162
22166
22175
22208
22242
22250
22256
22288
22352
22366
22376
22388
22391
22400
22431
22442
22445
22456
22461
22462
22463
22484
22511
22514
22533
22541
22548
22557
22582
22599
22614
22621
22668
22678
22688
22695
22700
22704
22715
22730
22798
22803
22898
22900
22920
22936
22940
22970
22973
22982
22983
22998
23001
23069
23077
23085
23162
23172
23206
23209
23220
23240
23299
23306
23313
23326
23340
23345
23349
23352
23357
23379
23388
23394
23416
23427
23464
23467
23470
23522
23525
23547
23570
23577
23587
23592
23601
23616
23629
23680
23720
23764
23776
23787
23791
23804
23807
23811
23816
23819
23839
23840
23853
23868
23902
23906
23913
23951
24003
24004
24005
24006
24022
24057
24063
24064
24076
24084
24102
24108
24112
24115
24155
24157
24163
24164
24169
24170
24200
24205
24234
24256
24268
24271
24298
24302
24306
24322
24328
24332
24333
24383
24388
24411
24460
24493
24512
24538
24595
24637
24639
24663
24670
24690
24694
24699
24721
24724
24728
24774
24776
24803
24818
24822
24847
24849
24880
24887
24889
24911
24920
24958
24961
24977
24981
24987
24997
25001
25013
25029
25069
25109
25111
25112
25114
25132
25137
25183
25205
25209
25210
25212
25248
25249
25252
25300
25314
25338
25358
25363
25387
25408
25414
25425
25449
25533
25553
25567
25580
25581
25618
25620
25626
25633
25637
25646
25658
25732
25756
25773
25792
25805
25811
25826
25838
25846
25860
25882
25888
25896
25947
26000
26007
26010
26025
26044
26087
26121
26156
26161
26208
26212
26250
26252
26266
26270
26273
26296
26298
26299
26366
26376
26380
26383
26443
26465
26472
26475
26527
26530
26548
26565
26633
26649
26657
26664
26684
26685
26705
26731
26734
26749
26763
26779
26823
26832
26838
26859
26879
26908
26923
26928
26935
26938
26940
26943
26944
26962
26967
27003
27012
27013
27024
27058
27062
27064
27078
27088
27091
27106
27132
27149
27176
27178
27179
27197
27202
27203
27232
27238
27254
27258
27264
27280
27283
27311
27323
27337
27348
27359
27366
27367
27368
27373
27381
27396
27403
27429
27476
27480
27491
27501
27511
27533
27541
27556
27573
27574
27580
27591
27603
27606
27611
27637
27666
27667
27690
27716
27739
27745
27748
27758
27763
27785
27793
27812
27840
27864
27876
27883
27895
27898
27905
27934
27978
28009
28019
28021
28031
28033
28062
28092
28094
28099
28141
28152
28181
28193
28208
28223
28231
28239
28243
28244
28245
28246
28248
28261
28286
28296
28315
28320
28349
28373
28378
28398
28433
28465
28472
28483
28490
28520
28521
28534
28541
28550
28586
28592
28606
28609
28636
28641
28643
28649
28650
28652
28660
28679
28704
28756
28810
28832
28871
28872
28874
28887
28892
28947
28962
28981
28997
29003
29004
29013
29026
29039
29041
29046
29056
29092
29115
29120
29121
29128
29136
29138
29145
29177
29180
29181
29193
29197
29198
29213
29218
29225
29232
29234
29247
29277
29336
29339
29344
29383
29408
29417
29438
29443
29450
29494
29495
29515
29519
29528
29541
29570
29575
29588
29589
29617
29633
29640
29645
29660
29675
29691
29719
29728
29781
29784
29816
29846
29853
29885
29886
29898
29907
29910
29943
29950
29955
29959
29976
29987
30009
30016
30034
30070
30075
30079
30085
30088
30095
30128
30134
30153
30166
30216
30233
30269
30271
30284
30294
30321
30353
30363
30425
30441
30451
30455
30474
30478
30486
30513
30540
30565
30569
30583
30613
30622
30625
30650
30665
30696
30701
30712
30722
30757
30758
30770
30777
30782
30807
30808
30822
30835
30846
30848
30875
30880
30928
30940
30941
30943
30957
30961
30971
31000
31006
31008
31026
31037
31051
31056
31080
31088
31105
31112
31117
31127
31136
31152
31155
31182
31185
31199
31200
31222
31229
31263
31281
31304
31305
31319
31337
31372
31373
31384
31391
31440
31444
31448
31462
31471
31503
31515
31525
31538
31539
31546
31563
31577
31591
31608
31612
31615
31626
31639
31666
31667
31675
31708
31721
31733
31757
31762
31772
31773
31790
31791
31809
31816
31862
31891
31911
31915
31920
31926
31935
31954
31957
31969
31987
31998
32020
32029
32040
32067
32077
32092
32120
32156
32164
32167
32170
32183
32185
32191
32203
32206
32211
32227
32233
32234
32241
32257
32263
32291
32326
32330
32340
32361
32383
32389
32395
32440
32455
32469
32491
32505
32514
32522
32575
32576
32592
32614
32623
32655
32659
32667
32677
32716
32724
32728
32743
32746
32761
32767
32776
32787
32801
32839
32845
32852
32870
32877
32880
32886
32918
32959
32990
32992
32995
33006
33028
33031
33033
33038
33042
33044
33058
33061
33081
33086
33095
33099
33104
33127
33137
33145
33151
33174
33182
33183
33189
33216
33245
33264
33271
33272
33297
33387
33405
33442
33446
33448
33470
33487
33514
33558
33563
33564
33565
33586
33591
33594
33603
33609
33614
33620
33621
33625
33626
33652
33655
33663
33674
33676
33691
33705
33710
33719
33721
33729
33769
33773
33790
33804
33833
33838
33858
33859
33865
33871
33889
33913
33915
33917
33968
33977
33998
34000
34004
34017
34021
34025
34034
34057
34062
34073
34114
34118
34125
34160
34173
34214
34216
34223
34243
34255
34266
34272
34289
34314
34332
34342
34351
34382
34393
34397
34413
34449
34455
34460
34506
34509
34568
34584
34585
34645
34668
34678
34688
34690
34695
34712
34719
34725
34749
34760
34768
34812
34844
34864
34881
34889
34898
34908
34920
34947
34969
35050
35102
35160
35166
35187
35211
35236
35237
35276
35278
35283
35328
35330
35331
35345
35358
35367
35380
35391
35398
35425
35428
35438
35452
35463
35468
35469
35477
35482
35483
35498
35519
35520
35530
35546
35560
35603
35616
35639
35649
35652
35675
35677
35706
35728
35730
35737
35746
35769
35835
35854
35856
35858
35862
35893
35898
35935
35951
35953
35962
35968
35991
36079
36105
36107
36108
36116
36136
36140
36153
36159
36168
36214
36216
36220
36260
36274
36288
36296
36300
36313
36357
36380
36385
36393
36462
36506
36533
36537
36539
36544
36549
36566
36573
36593
36615
36617
36621
36627
36630
36637
36658
36669
36675
36743
36762
36763
36790
36792
36797
36798
36810
36815
36824
36843
36855
36861
36866
36887
36902
36916
36946
36987
36990
37001
37003
37011
37018
37051
37074
37087
37092
37115
37131
37136
37164
37173
37187
37201
37220
37250
37265
37282
37348
37354
37381
37391
37428
37454
37473
37520
37526
37539
37540
37543
37547
37557
37639
37666
37709
37743
37750
37753
37758
37760
37761
37777
37792
37809
37812
37825
37856
37858
37864
37872
37874
37886
37929
37941
37963
37970
38001
38003
38045
38114
38117
38169
38183
38187
38193
38200
38205
38290
38294
38361
38366
38387
38394
38412
38417
38433
38444
38457
38467
38479
38487
38529
38534
38536
38537
38603
38610
38645
38664
38666
38734
38743
38756
38792
38800
38840
38858
38877
38890
38902
38928
38936
38947
38953
38978
38987
39008
39026
39056
39062
39066
39093
39100
39107
39110
39112
39115
39117
39202
39215
39231
39269
39278
39281
39284
39296
39317
39328
39388
39391
39396
39405
39413
39428
39430
39431
39437
39477
39492
39509
39510
39516
39528
39554
39567
39590
39622
39623
39626
39677
39701
39715
39717
39733
39734
39738
39775
39783
39789
39797
39821
39839
39842
39849
39872
39888
39890
39896
39922
39944
39945
39954
39955
39983
39986
39999
40000
40011
40019
40026
40029
40039
40064
40124
40144
40150
40198
40225
40234
40240
40247
40271
40274
40281
40287
40288
40305
40319
40328
40332
40380
40395
40397
40409
40413
40420
40421
40447
40453
40456
40461
40511
40517
40529
40540
40541
40569
40593
40597
40631
40654
40681
40700
40706
40718
40726
40744
40804
40806
40818
40820
40895
40899
40911
40915
40923
40939
40952
40976
41001
41049
41055
41056
41073
41074
41092
41098
41107
41110
41114
41142
41157
41175
41191
41237
41280
41281
41289
41292
41305
41307
41319
41366
41372
41389
41396
41405
41408
41412
41416
41421
41430
41433
41449
41468
41474
41502
41568
41580
41600
41605
41625
41629
41636
41676
41688
41695
41714
41719
41751
41753
41758
41761
41773
41857
41859
41866
41882
41900
41905
41911
41919
41966
41967
41969
41986
42002
42024
42028
42044
42059
42062
42077
42101
42150
42189
42197
42220
42227
42244
42284
42286
42293
42305
42332
42344
42396
42422
42437
42439
42459
42482
42493
42519
42548
42555
42564
42568
42597
42609
42675
42690
42694
42722
42751
42772
42793
42808
42812
42819
42863
42867
42894
42896
42900
42910
42936
42969
42990
43009
43021
43039
43056
43085
43109
43125
43140
43166
43168
43196
43218
43238
43245
43249
43266
43270
43292
43296
43297
43302
43305
43314
43358
43359
43363
43390
43421
43438
43443
43450
43463
43475
43486
43497
43519
43543
43546
43548
43552
43578
43611
43653
43667
43708
43719
43723
43740
43742
43757
43762
43781
43799
43807
43811
43813
43829
43840
43867
43868
43872
43897
43905
43919
43958
43968
43970
44002
44010
44026
44042
44086
44099
44109
44111
44132
44137
44186
44190
44212
44218
44230
44232
44236
44259
44264
44267
44268
44284
44287
44386
44417
44440
44464
44475
44506
44532
44533
44534
44552
44562
44569
44581
44583
44603
44606
44615
44624
44635
44661
44674
44697
44714
44735
44749
44772
44780
44783
44800
44805
44812
44827
44830
44837
44855
44871
44873
44901
44913
44928
44932
44991
45011
45022
45030
45036
45050
45057
45082
45095
45099
45109
45122
45146
45147
45256
45265
45273
45289
45291
45295
45345
45366
45439
45442
45456
45515
45518
45535
45553
45578
45604
45675
45681
45710
45751
45777
45783
45800
45820
45832
45898
45918
45945
45947
45964
46007
46052
46055
46075
46082
46097
46101
46106
46109
46119
46149
46175
46187
46213
46234
46261
46271
46297
46309
46325
46338
46365
46380
46381
46406
46425
46431
46457
46531
46536
46539
46551
46556
46579
46610
46624
46635
46675
46684
46689
46705
46707
46725
46744
46759
46813
46836
46839
46846
46849
46875
46876
46892
46906
46912
46959
47023
47047
47059
47063
47067
47081
47083
47108
47113
47129
47132
47134
47136
47178
47194
47202
47226
47242
47309
47324
47333
47351
47352
47361
47372
47392
47396
47402
47423
47516
47537
47538
47552
47568
47569
47572
47612
47623
47681
47692
47701
47703
47767
47772
47797
47837
47848
47859
47863
47894
47949
47953
47970
47990
48000
48011
48035
48039
48076
48105
48109
48124
48131
48143
48154
48172
48209
48253
48263
48282
48285
48315
48317
48334
48335
48361
48368
48396
48407
48410
48417
48433
48437
48456
48457
48458
48467
48472
48526
48527
48536
48546
48565
48598
48600
48623
48635
48659
48664
48696
48706
48707
48721
48727
48750
48814
48845
48849
48866
48871
48903
48905
48938
48947
48965
48975
48995
49004
49005
49007
49013
49015
49037
49079
49119
49126
49130
49142
49152
49156
49164
49177
49182
49185
49268
49270
49282
49286
49297
49298
49304
49332
49371
49380
49405
49415
49424
49425
49426
49432
49469
49477
49480
49482
49519
49527
49530
49535
49547
49551
49556
49605
49621
49627
49639
49645
49705
49712
49735
49755
49777
49781
49824
49852
49872
49875
49929
49982
49996
50009
50014
50032
50034
50057
50060
50063
50108
50151
50159
50166
50177
50200
50206
50253
50329
50381
50440
50442
50471
50477
50481
50536
50540
50575
50592
50602
50604
50665
50667
50672
50720
50723
50777
50792
50798
50818
50862
50864
50880
50901
50910
50924
50928
50934
50963
50985
50995
51012
51016
51017
51037
51065
51068
51083
51087
51126
51128
51163
51167
51195
51216
51236
51240
51255
51261
51263
51275
51276
51279
51280
51298
51324
51331
51339
51380
51424
51457
51463
51464
51485
51488
51492
51494
51507
51524
51546
51555
51584
51622
51688
51772
51793
51801
51820
51828
51831
51855
51857
51865
51871
51900
51904
51905
51923
51928
51957
51963
51968
52010
52020
52031
52040
52052
52058
52064
52073
52086
52124
52140
52170
52180
52187
52194
52195
52212
52218
52233
52239
52241
52254
52258
52267
52283
52314
52321
52323
52325
52326
52331
52338
52350
52366
52377
52394
52438
52450
52463
52479
52495
52505
52509
52517
52538
52574
52582
52585
52595
52695
52708
52709
52739
52753
52773
52777
52812
52843
52850
52853
52862
52876
52905
52933
52934
52961
52965
52973
52981
52995
53000
53041
53074
53127
53145
53148
53157
53180
53181
53203
53204
53248
53251
53270
53273
53317
53320
53333
53335
53363
53374
53378
53429
53442
53447
53448
53459
53465
53471
53518
53553
53555
53563
53577
53585
53591
53614
53629
53645
53647
53657
53707
53725
53726
53742
53756
53769
53778
53787
53792
53806
53809
53810
53812
53816
53828
53844
53854
53858
53861
53866
53881
53910
53914
53950
53954
53978
53994
54008
54024
54028
54049
54071
54107
54160
54217
54263
54294
54295
54366
54374
54392
54480
54482
54489
54509
54514
54550
54558
54562
54583
54598
54605
54627
54635
54638
54642
54647
54660
54665
54702
54712
54713
54716
54717
54731
54736
54742
54761
54783
54818
54849
54879
54890
54898
54919
54935
54936
54944
54992
54995
55005
55024
55065
55078
55096
55105
55107
55117
55129
55169
55180
55187
55246
55256
55269
55350
55353
55382
55392
55419
55449
55460
55472
55476
55484
55486
55530
55532
55534
55573
55592
55593
55597
55600
55601
55604
55655
55670
55678
55702
55725
55792
55806
55838
55840
55853
55889
55900
55903
55910
55921
55941
55945
55962
55975
55983
56013
56019
56044
56053
56079
56084
56101
56103
56107
56111
56123
56125
56168
56179
56188
56190
56208
56217
56219
56223
56240
56266
56267
56291
56296
56311
56330
56347
56350
56359
56388
56395
56429
56432
56458
56465
56478
56483
56488
56517
56595
56613
56639
56682
56697
56701
56708
56711
56713
56716
56719
56728
56739
56785
56788
56791
56831
56835
56871
56878
56887
56899
56905
56908
56923
56927
56940
56942
56951
56995
57017
57043
57046
57047
57065
57102
57118
57141
57187
57224
57305
57311
57318
57344
57381
57392
57426
57428
57434
57438
57461
57496
57500
57514
57529
57549
57550
57561
57563
57569
57570
57579
57602
57604
57631
57662
57677
57700
57721
57727
57760
57771
57777
57785
57787
57791
57804
57808
57811
57833
57851
57855
57897
57900
57912
57915
57950
57953
57973
57984
58020
58024
58041
58102
58125
58133
58195
58198
58210
58260
58288
58292
58305
58319
58320
58327
58333
58341
58365
58368
58379
58384
58395
58453
58475
58480
58489
58512
58542
58561
58564
58639
58640
58641
58655
58667
58676
58677
58691
58711
58725
58758
58760
58766
58782
58783
58800
58822
58865
58867
58873
58879
58883
58917
58944
58965
58974
58977
58987
59015
59026
59057
59099
59105
59111
59123
59125
59133
59139
59147
59158
59169
59171
59172
59209
59215
59224
59230
59260
59285
59300
59308
59313
59314
59318
59320
59336
59343
59366
59373
59378
59395
59407
59415
59421
59425
59443
59458
59486
59492
59497
59498
59523
59559
59560
59585
59609
59613
59621
59646
59657
59670
59677
59693
59708
59716
59721
59738
59755
59759
59776
59805
59817
59870
59923
59948
59952
59989
60010
60034
60036
60046
60057
60093
60101
60116
60149
60151
60160
60170
60215
60229
60259
60292
60295
60297
60311
60338
60346
60356
60367
60389
60405
60429
60457
60469
60472
60477
60506
60511
60521
60526
60541
60544
60563
60566
60567
60596
60599
60607
60608
60637
60686
60690
60692
60704
60731
60765
60787
60798
60807
60822
60846
60850
60859
60866
60878
60892
60996
61026
61032
61046
61067
61075
61079
61093
61095
61112
61151
61153
61165
61173
61199
61211
61237
61263
61282
61438
61450
61456
61463
61467
61505
61508
61564
61573
61579
61606
61608
61625
61641
61642
61643
61653
61658
61666
61701
61713
61725
61729
61796
61808
61832
61835
61846
61850
61898
61911
61923
61940
61961
61971
61976
61987
62005
62030
62039
62126
62129
62131
62149
62163
62188
62191
62247
62260
62292
62300
62301
62328
62332
62338
62349
62351
62357
62389
62426
62428
62431
62445
62456
62465
62472
62481
62493
62513
62528
62585
62598
62626
62633
62642
62645
62651
62660
62682
62697
62722
62735
62743
62755
62756
62757
62779
62834
62857
62867
62871
62930
62967
62974
63066
63073
63075
63117
63131
63136
63138
63155
63158
63159
63166
63174
63177
63178
63182
63198
63201
63238
63242
63244
63259
63263
63285
63357
63391
63394
63404
63412
63448
63452
63454
63470
63471
63472
63485
63492
63493
63508
63517
63545
63555
63588
63593
63594
63613
63626
63686
63697
63699
63708
63716
63730
63763
63812
63816
63846
63852
63862
63875
63899
63922
63924
63947
63956
63958
63967
63971
64020
64064
64069
64081
64118
64128
64131
64139
64143
64144
64160
64175
64185
64206
64208
64211
64239
64255
64257
64261
64272
64275
64279
64281
64282
64287
64296
64301
64307
64329
64331
64336
64358
64364
64404
64450
64463
64487
64492
64539
64570
64579
64590
64610
64621
64643
64648
64654
64664
64689
64725
64775
64811
64813
64826
64840
64846
64852
64859
64872
64874
64880
64896
64898
64913
64918
64936
64941
64950
64968
64978
64992
64993
65003
65034
65047
65063
65086
65087
65094
65113
65136
65141
65148
65163
65181
65192
65203
65215
65245
65306
65311
65324
65345
65355
65356
65395
65422
65427
65434
65439
65469
65507
65513
65527
65551
65565
65606
65624
65642
65650
65651
65669
65672
65691
65701
65729
65768
65778
65788
65803
65815
65828
65870
65876
65887
65914
65917
65930
65946
65949
65970
65979
65988
66010
66035
66038
66053
66067
66083
66100
66125
66132
66139
66145
66193
66201
66221
66234
66241
66282
66286
66288
66318
66324
66342
66352
66353
66355
66386
66403
66408
66427
66439
66443
66474
66476
66489
66520
66538
66544
66564
66569
66583
66605
66615
66652
66657
66672
66673
66756
66758
66763
66775
66801
66803
66811
66858
66866
66901
66920
66947
66952
66967
66998
67055
67056
67057
67096
67100
67104
67120
67129
67133
67136
67141
67142
67203
67213
67215
67222
67242
67268
67271
67276
67289
67293
67306
67335
67349
67360
67391
67397
67409
67419
67420
67454
67457
67458
67464
67470
67473
67479
67485
67523
67571
67637
67643
67653
67664
67672
67684
67687
67702
67736
67747
67752
67759
67776
67781
67790
67793
67815
67873
67885
67907
67927
67936
67953
67955
67965
67989
67992
68026
68029
68047
68049
68050
68053
68055
68060
68069
68089
68102
68134
68135
68144
68157
68182
68184
68197
68204
68226
68240
68253
68268
68275
68301
68303
68306
68324
68328
68340
68347
68362
68385
68394
68397
68418
68430
68460
68502
68525
68529
68556
68600
68603
68606
68620
68621
68632
68639
68657
68662
68697
68726
68732
68741
68769
68774
68799
68815
68819
68820
68836
68885
68886
68899
68940
68946
68964
68973
69000
69006
69032
69040
69047
69061
69062
69103
69126
69146
69154
69167
69170
69188
69191
69223
69237
69248
69285
69310
69319
69320
69329
69389
69397
69403
69426
69467
69479
69486
69507
69516
69528
69532
69543
69549
69561
69568
69570
69574
69575
69584
69588
69590
69592
69642
69647
69679
69680
69692
69720
69755
69756
69766
69789
69827
69865
69904
69930
69937
69977
69985
69999
70017
70028
70042
70043
70051
70087
70093
70122
70137
70170
70194
70249
70260
70279
70281
70287
70321
70325
70330
70343
70354
70356
70372
70390
70401
70410
70411
70422
70431
70449
70452
70477
70489
70495
70553
70561
70563
70585
70587
70600
70604
70605
70639
70642
70653
70656
70659
70662
70669
70675
70677
70683
70706
70790
70795
70797
70809
70852
70864
70886
70896
70937
70985
70999
71012
71065
71066
71067
71068
71082
71086
71107
71111
71127
71167
71171
71176
71180
71182
71211
71228
71267
71279
71280
71288
71332
71355
71373
71392
71414
71421
71448
71463
71487
71490
71493
71504
71529
71530
71544
71563
71566
71571
71595
71598
71600
71616
71642
71666
71668
71673
71685
71687
71691
71752
71757
71762
71767
71780
71790
71821
71822
71845
71856
71869
71890
71899
71929
71933
71941
71990
71999
72016
72042
72058
72081
72106
72110
72113
72136
72162
72165
72178
72184
72237
72247
72271
72272
72273
72276
72282
72291
72319
72333
72346
72354
72356
72376
72392
72434
72447
72486
72495
72498
72500
72514
72524
72554
72558
72573
72582
72616
72626
72686
72709
72729
72748
72752
72778
72814
72823
72826
72841
72845
72862
72872
72879
72881
72930
72939
72951
72972
73009
73020
73024
73048
73080
73125
73130
73147
73149
73153
73160
73170
73175
73186
73196
73209
73226
73244
73250
73263
73313
73316
73324
73370
73373
73380
73409
73414
73423
73471
73473
73475
73481
73487
73508
73510
73527
73536
73538
73546
73560
73573
73578
73618
73622
73628
73632
73653
73658
73665
73683
73722
73751
73778
73784
73792
73821
73824
73832
73836
73843
73845
73853
73878
73883
73892
73901
73911
73924
73925
73929
73939
73941
73943
73986
73993
74013
74024
74027
74050
74084
74103
74117
74177
74196
74205
74210
74217
74218
74223
74230
74258
74259
74263
74265
74275
74288
74291
74314
74338
74345
74394
74419
74429
74434
74442
74446
74460
74479
74498
74504
74510
74547
74572
74574
74576
74615
74619
74623
74640
74647
74648
74676
74691
74694
74698
74706
74739
74763
74769
74831
74843
74886
74912
74918
74955
74964
74980
74987
74999
75024
75034
75039
75053
75055
75066
75085
75124
75130
75135
75138
75156
75179
75189
75197
75225
75277
75293
75317
75318
75319
75389
75393
75409
75424
75426
75450
75451
75480
75489
75490
75515
75519
75563
75594
75597
75600
75622
75651
75676
75677
75681
75686
75696
75707
75710
75714
75715
75720
75724
75729
75746
75755
75758
75770
75793
75794
75845
75851
75867
75872
75878
75914
75925
75929
75936
76000
76002
76009
76019
76039
76040
76083
76094
76097
76103
76105
76126
76143
76145
76153
76155
76163
76185
76220
76227
76229
76230
76232
76259
76300
76308
76315
76316
76337
76361
76391
76411
76456
76475
76489
76511
76527
76550
76572
76579
76623
76635
76663
76671
76705
76727
76732
76768
76802
76816
76822
76824
76827
76832
76853
76870
76886
76896
76915
76918
76922
76953
77018
77031
77073
77075
77094
77097
77106
77117
77119
77128
77180
77185
77186
77196
77203
77205
77207
77219
77221
77230
77238
77264
77272
77275
77289
77293
77315
77381
77382
77388
77393
77407
77410
77454
77463
77467
77483
77487
77505
77511
77560
77579
77584
77589
77606
77618
77620
77623
77624
77650
77683
77702
77713
77715
77744
77757
77766
77773
77803
77807
77834
77840
77845
77860
77865
77874
77898
77907
77916
77918
77924
77934
77977
77996
77999
78038
78101
78109
78132
78136
78181
78182
78185
78198
78211
78254
78257
78301
78311
78313
78354
78395
78410
78423
78443
78485
78487
78491
78525
78528
78531
78558
78559
78564
78566
78574
78578
78618
78623
78692
78725
78746
78769
78776
78795
78799
78822
78876
78877
78898
78901
78928
78934
78948
78990
78991
78992
78996
79057
79059
79062
79073
79112
79113
79121
79133
79138
79153
79173
79181
79201
79208
79209
79229
79257
79265
79266
79293
79314
79323
79334
79350
79369
79372
79385
79460
79469
79470
79489
79517
79520
79537
79542
79544
79553
79570
79604
79613
79622
79638
79641
79694
79716
79729
79736
79741
79745
79791
79800
79801
79839
79841
79863
79885
79898
79908
79956
79976
80025
80037
80049
80051
80080
80087
80128
80131
80134
80136
80185
80195
80198
80216
80221
80245
80258
80264
80268
80283
80291
80371
80409
80446
80466
80468
80503
80513
80527
80553
80567
80588
80593
80605
80620
80642
80701
80702
80718
80728
80741
80760
80771
80780
80797
80798
80804
80822
80829
80879
80883
80888
80897
80901
80902
80909
80925
80976
80985
80989
80998
81010
81018
81033
81049
81052
81057
81102
81129
81151
81155
81183
81207
81218
81228
81242
81251
81286
81293
81306
81334
81345
81354
81362
81366
81367
81397
81398
81413
81427
81437
81450
81478
81481
81542
81551
81553
81588
81602
81616
81621
81642
81664
81666
81675
81677
81680
81681
81683
81702
81710
81713
81723
81734
81774
81786
81798
81806
81811
81821
81859
81867
81890
81896
81900
81936
81954
81955
81958
81959
81963
81967
81975
81979
82003
82010
82018
82025
82056
82110
82129
82133
82153
82161
82167
82246
82251
82253
82259
82266
82270
82272
82340
82342
82345
82367
82368
82411
82458
82466
82494
82495
82507
82512
82525
82531
82532
82556
82560
82575
82582
82584
82588
82600
82633
82678
82689
82745
82753
82778
82788
82796
82797
82801
82810
82817
82819
82850
82865
82952
82957
82965
83023
83042
83057
83070
83117
83121
83148
83155
83172
83200
83206
83224
83237
83244
83271
83276
83282
83307
83317
83330
83340
83359
83393
83411
83433
83439
83442
83449
83480
83521
83551
83557
83583
83584
83590
83591
83604
83606
83646
83685
83712
83785
83799
83808
83811
83825
83837
83838
83852
83860
83861
83866
83882
83885
83896
83899
83902
83932
83934
83968
83979
84006
84035
84046
84053
84069
84078
84081
84095
84114
84147
84149
84179
84214
84232
84246
84263
84273
84283
84298
84304
84342
84347
84356
84360
84367
84369
84419
84452
84466
84482
84512
84535
84578
84616
84625
84629
84661
84699
84702
84710
84714
84715
84740
84750
84757
84781
84801
84815
84819
84836
84882
84891
84938
84940
84979
84983
84991
85026
85032
85052
85056
85077
85087
85107
85123
85141
85143
85151
85164
85165
85168
85208
85220
85229
85242
85249
85268
85279
85329
85380
85381
85390
85402
85414
85431
85435
85443
85467
85470
85487
85491
85502
85504
85514
85533
85557
85575
85580
85581
85588
85618
85648
85649
85667
85674
85677
85705
85723
85728
85749
85751
85776
85779
85786
85802
85831
85866
85874
85927
85943
85945
85948
85957
85961
85984
85997
86005
86036
86055
86086
86095
86154
86156
86164
86187
86188
86230
86250
86262
86279
86319
86321
86329
86339
86362
86388
86389
86420
86430
86459
86473
86480
86495
86548
86552
86569
86622
86643
86666
86711
86718
86721
86724
86726
86739
86742
86747
86771
86783
86800
86849
86855
86896
86972
86977
86987
86996
87015
87031
87035
87049
87060
87063
87115
87118
87142
87143
87164
87187
87258
87261
87292
87301
87321
87327
87362
87370
87373
87376
87396
87401
87404
87415
87426
87448
87458
87461
87469
87479
87493
87523
87527
87533
87555
87564
87566
87568
87583
87611
87638
87660
87672
87679
87680
87692
87713
87718
87720
87728
87736
87737
87765
87779
87782
87788
87805
87825
87839
87850
87858
87893
87900
87901
87924
87934
87941
87958
87959
87988
87991
87994
87997
87999
88017
88051
88054
88061
88079
88103
88114
88122
88136
88160
88189
88218
88223
88233
88240
88254
88329
88357
88380
88381
88385
88389
88399
88430
88455
88466
88488
88564
88616
88617
88626
88653
88656
88660
88667
88705
88710
88711
88733
88757
88763
88775
88790
88796
88821
88829
88830
88840
88841
88843
88854
88888
88901
88939
88940
88943
88977
88988
89017
89019
89024
89026
89049
89063
89065
89069
89074
89098
89117
89121
89133
89147
89152
89169
89200
89215
89248
89271
89287
89295
89310
89320
89329
89330
89335
89347
89381
89406
89417
89438
89442
89451
89458
89491
89505
89508
89520
89521
89533
89534
89535
89538
89551
89585
89655
89660
89670
89681
89703
89709
89716
89737
89753
89813
89832
89874
89878
89903
89907
89916
89919
89928
89932
89955
89960
89976
89997
89999
90007
90010
90024
90036
90075
90077
90098
90106
90110
90159
90178
90185
90205
90209
90210
90222
90243
90248
90282
90295
90296
90306
90350
90370
90372
90398
90403
90416
90445
90461
90471
90474
90475
90478
90482
90504
90529
90531
90568
90622
90628
90648
90667
90668
90674
90712
90730
90736
90741
90753
90759
90786
90802
90807
90811
90850
90852
90870
90891
90895
90910
90921
90925
90935
90948
90954
90960
90983
90986
91014
91026
91058
91075
91109
91129
91138
91142
91150
91160
91179
91181
91205
91208
91225
91227
91235
91238
91246
91288
91289
91305
91352
91357
91363
91373
91384
91395
91408
91429
91450
91461
91480
91501
91505
91520
91527
91576
91584
91593
91609
91610
91619
91637
91667
91687
91692
91693
91702
91708
91736
91779
91785
91788
91835
91842
91849
91882
91893
91916
91938
91945
91948
91964
91967
91968
91998
92002
92039
92085
92088
92104
92113
92140
92148
92253
92337
92346
92351
92357
92426
92427
92432
92440
92449
92482
92507
92542
92564
92569
92574
92593
92602
92633
92653
92661
92696
92718
92744
92749
92762
92774
92802
92803
92888
92891
92900
92901
92914
92925
92949
92956
92960
92961
92966
92975
92977
92984
92985
92997
92999
93007
93046
93047
93050
93084
93093
93095
93122
93164
93170
93185
93188
93190
93199
93202
93208
93227
93246
93256
93264
93281
93310
93311
93320
93341
93361
93363
93364
93426
93437
93453
93474
93478
93504
93511
93538
93543
93672
93681
93686
93688
93705
93725
93730
93733
93751
93759
93763
93807
93816
93820
93868
93883
93888
93895
93906
93907
93911
93922
93940
93951
93954
93966
93985
94010
94037
94056
94096
94110
94111
94128
94160
94166
94183
94194
94198
94229
94231
94237
94241
94256
94275
94283
94314
94319
94337
94352
94358
94421
94426
94427
94465
94480
94487
94493
94494
94554
94578
94583
94606
94616
94644
94654
94661
94707
94709
94711
94719
94732
94735
94738
94767
94808
94843
94849
94872
94920
94922
94927
94947
94987
95016
95018
95021
95034
95072
95088
95106
95116
95124
95126
95149
95150
95165
95168
95170
95184
95187
95189
95190
95215
95244
95260
95273
95284
95285
95286
95293
95294
95313
95314
95327
95330
95332
95362
95368
95387
95407
95420
95478
95481
95487
95489
95521
95527
95531
95541
95549
95562
95563
95564
95585
95651
95666
95676
95682
95693
95696
95711
95713
95731
95746
95749
95752
95777
95798
95828
95834
95860
95943
95950
96000
96004
96010
96028
96046
96047
96050
96061
96066
96075
96104
96105
96110
96174
96238
96281
96285
96295
96303
96332
96339
96364
96368
96374
96380
96446
96485
96490
96491
96507
96563
96566
96568
96575
96578
96585
96596
96600
96640
96649
96704
96709
96710
96735
96736
96739
96773
96791
96820
96879
96927
96939
96945
96974
96978
96986
97006
97026
97068
97074
97076
97078
97104
97124
97152
97220
97239
97252
97259
97261
97263
97277
97281
97324
97326
97395
97417
97418
97422
97425
97427
97438
97445
97464
97466
97471
97498
97499
97501
97525
97531
97564
97578
97590
97592
97595
97617
97636
97691
97702
97747
97748
97754
97761
97793
97798
97816
97831
97833
97935
97974
97980
97989
98003
98016
98030
98045
98047
98089
98144
98148
98176
98188
98231
98288
98320
98369
98373
98382
98399
98404
98408
98418
98427
98428
98437
98454
98508
98516
98527
98528
98529
98571
98586
98608
98619
98654
98658
98675
98741
98802
98803
98816
98820
98836
98855
98864
98870
98895
98918
98923
98925
98927
98934
98962
98983
98985
99005
99044
99050
99075
99080
99082
99105
99114
99116
99120
99125
99137
99161
99181
99183
99188
99200
99205
99216
99248
99254
99265
99266
99274
99275
99292
99305
99322
99349
99375
99379
99383
99392
99398
99405
99413
99419
99423
99439
99459
99462
99476
99483
99491
99492
99514
99523
99556
99565
99572
99604
99613
99626
99662
99663
99686
99714
99719
99722
99734
99745
99754
99760
99790
99792
99814
99823
99826
99827
99852
99858
99862
99866
99898
99954
99990
